1 5 2
2 5 2
3 5 2
4 5 2
5 1 -7
6 5 2
7 5 2
8 5 2
9 5 2
10 undefined 10
11 undefined 10
12 undefined 10
13 undefined 10
15 1 -6
16 1 -6
17 1 -6
18 3 9
19 3 9
20 3 9
21 3 9
22 5 2
23 5 2
24 5 2
25 5 2
26 5 2
27 5 2
28 5 2
29 5 2
30 5 2
31 5 2
32 5 2
33 5 2
34 5 2
35 3 12
36 3 12
39 5 2
40 5 2
41 3 9
45 undefined 10
46 undefined 10
47 undefined 10
48 3 9
49 3 9
50 3 9
51 3 9
52 3 9
53 3 9
54 3 9
55 5 2
56 5 2
57 5 2
58 5 2
59 5 2
60 3 9
61 5 2
62 5 2
63 5 2
64 5 2
65 5 2
66 5 2
67 3 12
68 5 2
69 5 2
70 5 2
71 5 2
72 5 2
73 1 -7
74 5 2
75 5 2
76 5 2
77 5 2
78 5 2
80 1 -7
81 5 2
82 5 2
83 5 2
84 3 12
85 3 9
86 3 9
87 3 9
88 5 1
89 5 1
90 5 2
91 5 2
92 5 2
93 5 2
94 5 1
95 5 2
96 5 2
97 3 9
98 5 1
99 undefined 10
101 undefined 10
103 5 2
915 5 2
105 5 2
106 3 9
107 3 9
110 3 9
111 undefined 10
113 3 9
114 3 9
115 3 9
116 5 2
117 5 2
118 5 2
119 5 2
120 1 -7
121 5 2
122 5 2
123 3 1
124 3 1
125 3 1
126 3 1
127 3 1
128 3 1
129 3 9
130 3 9
131 3 9
132 3 10
133 3 10
134 3 9
135 5 2
136 3 10
137 3 9
138 3 9
139 3 9
140 3 12
141 3 12
143 5 2
144 5 2
145 5 2
146 5 2
147 5 2
148 3 9
149 3 9
150 3 10
151 3 9
152 3 9
153 3 9
154 3 9
155 3 9
156 3 9
157 3 9
158 3 9
159 3 9
160 5 2
161 5 2
162 5 2
163 5 2
164 1 -7
165 5 2
166 5 2
167 5 2
168 5 2
169 5 2
170 5 2
171 5 2
172 5 2
173 5 2
174 5 2
175 5 2
176 5 2
177 5 2
178 5 2
179 5 2
180 3 9
181 3 9
182 3 9
183 5 1
184 5 1
185 5 1
186 5 1
187 5 1
188 5 1
190 3 9
191 1 -4
192 5 2
193 1 -7
194 5 2
195 5 2
196 5 2
197 5 2
198 1 -4
199 1 -4
200 undefined -6
201 undefined -6
202 undefined -6
203 undefined -6
204 5 2
205 5 2
206 5 2
207 5 2
208 5 2
209 5 2
210 5 2
211 1 -7
212 5 2
213 5 2
215 5 2
216 5 2
217 5 2
218 5 2
219 5 2
220 5 2
899 5 2
222 3 9
223 3 9
224 3 9
225 3 9
226 3 9
227 3 9
228 3 9
229 3 9
230 3 9
231 3 9
232 3 9
233 3 9
234 3 9
235 3 9
236 3 10
237 3 9
238 3 9
239 3 9
240 3 9
241 3 9
242 3 9
243 5 2
244 5 2
245 1 -7
246 1 -7
247 5 2
248 5 2
249 5 2
250 5 2
251 1 -7
252 5 2
253 5 2
254 5 2
255 5 2
256 5 2
257 5 2
258 5 2
259 1 -7
260 5 2
261 5 2
263 5 2
264 5 2
265 5 2
266 1 -7
267 5 2
268 5 2
269 5 2
270 5 2
271 5 2
272 5 2
273 1 -7
274 5 2
275 5 2
277 1 -7
278 1 -7
279 3 9
280 3 9
281 3 9
282 3 9
283 3 9
284 3 9
285 3 9
286 undefined 10
287 undefined 10
289 5 2
291 5 2
294 5 2
295 5 2
296 5 2
297 5 2
299 5 2
301 5 2
305 5 2
307 5 2
309 5 2
311 5 2
315 5 2
317 5 2
321 5 2
323 5 2
324 1 -7
325 1 -7
326 5 2
327 5 2
328 5 2
329 5 2
331 5 2
333 5 2
337 5 2
339 5 2
343 5 2
345 5 2
349 5 2
351 5 2
353 5 2
355 5 2
358 1 -7
363 5 1
364 5 1
365 5 1
366 5 1
367 5 1
368 5 1
369 5 2
370 5 2
371 5 2
372 5 2
373 5 2
374 5 2
375 3 9
376 3 9
377 3 9
378 3 9
392 5 2
393 1 -4
394 3 9
395 3 9
396 3 9
397 5 1
398 5 1
399 5 1
405 3 9
406 3 1
407 3 1
408 3 1
409 3 9
410 3 9
411 3 9
412 3 9
413 3 9
414 3 1
419 3 9
420 3 9
421 5 1
422 5 1
446 5 1
447 5 1
448 3 9
449 3 9
450 3 9
451 3 9
452 3 9
453 3 9
454 3 9
455 3 9
456 3 9
457 3 9
458 5 2
459 5 2
460 3 10
461 3 9
462 3 9
463 3 9
464 3 9
465 3 9
466 3 9
467 5 3
468 5 3
469 5 3
470 5 3
471 5 3
472 5 3
473 5 3
474 5 3
475 5 3
476 1 -7
477 1 -7
478 1 -7
479 1 -7
480 1 -7
481 1 -7
482 1 -7
483 5 2
484 5 2
485 1 -7
486 1 -7
487 1 -7
488 1 -7
489 1 -7
490 1 -7
491 1 -7
492 5 2
493 5 2
494 3 10
495 3 10
496 3 10
497 3 10
498 3 9
499 3 9
500 3 9
501 3 9
502 1 -7
503 1 9
504 1 9
505 1 9
506 3 -6
507 3 -6
508 3 -6
509 3 -6
510 3 -6
511 3 -6
512 3 -6
513 3 -6
514 3 -6
515 1 -7
516 1 -7
517 1 -7
518 1 -7
519 1 -7
520 1 -7
521 1 -7
522 1 -7
523 1 -7
524 1 -7
525 1 -7
526 1 -7
527 1 -7
528 1 -7
529 1 -7
530 1 -7
531 1 -7
532 1 -7
533 1 -7
534 1 -7
535 1 -7
536 1 -7
537 1 -7
538 1 -7
539 1 -7
540 1 -7
541 1 -7
542 1 -7
543 1 -7
544 1 -7
545 1 -7
546 1 -7
547 1 -7
548 1 -7
549 1 -7
550 1 -7
551 1 -7
552 1 -7
553 1 -7
554 1 -7
555 1 -7
556 1 -7
557 1 -7
558 1 -7
559 1 -7
560 1 -7
561 1 -7
562 1 -7
563 1 -7
564 1 -7
565 1 -7
566 1 -7
567 1 -7
568 1 -7
569 1 -7
570 1 -7
571 1 -7
572 1 -7
573 1 -7
574 1 -7
575 1 -7
576 1 -7
577 1 -7
578 1 -6
579 1 -6
580 1 -6
581 1 -6
582 1 -6
583 1 -6
584 1 -6
585 1 -6
586 1 -6
587 1 -6
588 1 -6
589 1 -6
590 1 -6
591 1 -6
592 1 -6
593 1 -6
594 1 -6
595 1 -6
596 1 -6
597 1 -6
598 1 -6
599 1 -6
600 1 -6
601 1 -6
602 1 -6
603 1 -6
604 1 -6
605 1 -6
606 1 -6
607 1 -6
608 1 -6
609 1 -6
610 1 -6
611 1 -6
612 1 -6
613 1 -6
614 1 -6
615 1 -6
616 1 -6
617 1 -6
618 1 -6
619 1 -6
620 1 -6
621 1 -6
622 1 -6
623 1 -7
624 1 -7
625 1 -7
626 1 -7
627 1 -7
628 1 -7
629 1 -7
630 1 -7
631 1 -7
632 1 -7
633 1 -7
634 1 -7
635 1 -7
636 1 -7
637 1 -7
638 1 -7
639 1 -7
640 1 -7
641 1 -7
642 1 -7
643 1 -7
644 1 -7
645 1 -7
646 1 -7
647 1 -7
648 1 -7
649 1 -7
650 1 -7
651 5 2
652 5 2
653 1 -7
654 1 -7
655 1 -7
656 1 -7
657 1 -7
658 1 -7
659 1 -7
660 undefined 10
661 5 3
662 5 3
663 5 3
664 5 3
665 5 3
666 5 3
667 5 1
668 1 -7
669 1 -7
670 1 -7
671 1 -7
672 1 -7
673 5 2
674 5 2
1734 5 1
1735 5 1
1736 5 1
678 5 undefined
679 5 undefined
680 5 undefined
681 1 -7
682 1 -7
683 1 -7
684 1 -7
685 1 -7
686 1 -7
687 3 10
688 3 10
689 1 -7
690 1 -7
691 1 -7
692 1 -7
693 1 -7
694 1 -7
695 1 -7
696 1 -7
697 1 -7
698 1 -7
699 1 -7
700 1 -7
701 1 -7
702 1 -7
703 1 -7
704 1 -7
705 1 -7
706 1 -7
707 1 -7
708 1 -7
709 5 2
710 5 2
711 5 2
712 5 2
713 1 -7
714 1 -7
715 1 -7
716 1 -7
899 5 2
899 5 2
719 3 9
720 5 1
721 3 9
722 1 -7
723 1 -7
724 1 -7
725 1 -6
726 5 2
727 5 2
728 5 2
729 5 2
730 1 -7
731 1 -7
732 1 -7
733 1 -7
734 1 -7
735 1 -7
736 1 -7
737 1 -7
738 1 -7
739 1 -7
740 5 1
741 5 1
742 5 1
899 5 2
744 5 2
745 undefined 10
747 undefined 10
752 1 -7
753 1 -7
754 1 -7
755 1 -7
756 1 -7
757 1 -7
758 1 -7
759 1 -7
762 1 -7
763 1 -7
764 1 -7
765 1 -7
766 1 -7
767 3 9
768 5 1
769 1 -7
770 1 -7
771 1 -7
772 1 -7
773 1 -7
774 1 -7
775 1 -7
807 1 -7
808 1 -7
809 1 -7
810 1 -7
811 1 -7
812 1 -7
813 1 -7
814 1 -7
815 1 -7
816 1 -7
817 1 -7
818 1 -7
819 1 -7
820 1 -7
821 1 -7
822 1 -7
823 1 -7
824 1 -7
825 1 -7
826 1 -7
827 1 -7
828 1 -7
829 1 -7
830 1 -7
831 1 -7
832 1 -7
833 1 -7
841 1 -7
842 1 -7
843 1 -7
844 1 -7
845 1 -7
846 1 -7
847 1 -7
848 1 -7
850 1 -7
853 1 -7
854 1 -7
855 1 -7
856 1 -7
857 1 -7
859 1 -7
861 1 -7
862 1 -7
863 1 -7
867 1 -7
868 1 -7
869 1 -7
870 1 -7
871 1 -7
872 1 -7
873 1 -7
874 1 -7
877 1 -7
878 1 -7
880 1 -7
881 1 -7
882 1 -7
883 1 -7
884 1 -7
885 1 -7
886 5 2
887 5 2
888 1 -7
889 1 -7
890 1 -7
891 1 -7
893 1 -7
894 1 -7
895 1 -7
896 1 -7
899 5 2
900 5 2
901 5 2
902 1 -6
903 1 -7
904 1 -7
905 1 -7
906 3 1
907 3 -5
908 3 -5
909 3 -5
910 3 -5
911 1 -7
914 5 1
915 5 2
916 3 -5
917 3 -5
918 5 2
919 5 2
920 5 2
921 5 2
923 5 2
924 5 2
925 1 2
926 1 2
927 1 -7
928 1 -7
929 1 -7
930 1 -7
931 1 -7
932 1 -7
933 1 -7
934 1 -7
935 1 -7
936 3 -5
937 3 -5
938 3 -5
939 3 -5
940 3 -5
941 3 -5
942 3 -5
943 1 -7
944 1 -7
945 1 -7
946 1 -7
947 1 -7
948 1 -7
949 1 -7
950 1 -7
951 1 -7
952 1 -7
953 1 -7
954 1 -7
955 1 -7
956 1 -7
957 1 -7
958 1 -7
959 1 -7
960 1 -7
961 1 -7
964 1 -7
965 1 -7
966 1 -7
967 1 -7
968 1 -7
969 1 -7
970 1 -7
971 1 -7
972 1 -7
973 1 -7
974 1 -7
975 1 -7
976 1 -7
977 1 -7
980 1 -7
981 1 -7
982 1 -7
983 1 -7
984 1 -7
985 1 -7
986 1 -7
987 1 -7
988 1 -7
989 5 1
990 3 9
991 5 1
992 3 9
997 3 9
998 3 9
999 3 9
1000 3 9
1001 3 9
1002 3 9
1003 3 9
1004 3 9
1005 3 9
1006 5 2
1007 5 2
1292 1 9
1009 1 9
1010 1 9
1011 1 9
1012 1 9
1013 1 9
1014 1 -7
1015 1 -7
1016 1 -7
1017 1 -7
1018 1 -7
1019 3 9
1020 3 9
1021 3 9
1022 3 12
1024 1 -7
1025 1 -7
1026 1 -7
1027 1 -7
1028 1 -7
1029 1 -7
1030 1 -7
1031 1 -7
1032 1 -7
1033 1 -7
1034 1 -7
1035 1 -7
1036 1 -7
1037 1 -7
1038 1 -7
1039 1 -7
1040 1 -7
1041 1 -7
1042 1 -7
1043 1 -7
1044 1 -7
1045 1 -7
1046 1 -7
1047 1 -7
1048 1 -7
1049 5 2
1050 3 9
1051 3 9
1052 3 9
1053 3 9
1054 3 9
1055 3 9
1056 3 9
1057 3 9
1058 3 9
1059 3 9
1060 3 9
1061 3 9
1062 1 -7
1063 1 -7
1064 1 -7
1065 1 -7
1066 1 -7
1067 1 -7
1068 1 -7
1069 1 -7
1070 1 -7
1071 1 -7
1075 1 -7
1076 1 -7
1077 1 -7
1078 1 -7
1079 1 -7
1080 1 -7
1081 1 -7
1082 1 -7
1083 1 -7
1084 1 -7
1085 1 -7
1086 1 -7
1087 1 -7
1088 1 -7
1089 1 -7
1090 1 -7
1091 1 -7
1092 1 -7
1093 1 -7
1094 1 -7
1095 1 -7
1096 1 -7
1097 1 -7
1098 1 -7
1099 1 -8
1100 1 -8
1101 1 -8
1102 1 -8
1103 1 -8
1104 1 -8
1105 1 -8
1106 1 -8
1107 1 -8
1108 1 -8
1109 1 -8
1110 1 -8
1111 1 -8
1112 1 -8
1113 1 -8
1114 1 -8
1115 1 -8
1116 1 -8
1117 1 -8
1118 1 -8
1120 5 4
1122 5 4
1123 5 4
1124 5 4
1125 5 4
1126 5 4
1127 5 4
1132 5 4
1133 5 4
1134 5 4
1135 5 4
1136 5 4
1137 5 4
1138 5 4
1139 5 4
1140 1 -7
1141 1 -7
1142 1 -7
1143 1 -7
1144 1 -7
1145 1 -7
1146 1 -7
1147 1 -7
1148 1 -7
1149 1 -7
1150 1 -7
1151 1 -7
1152 1 -7
1153 1 -7
1154 5 2
1155 5 2
1156 5 2
1157 5 2
1158 5 2
1159 1 -7
1160 1 -7
1161 1 -7
1162 1 -7
1163 1 -7
1164 1 -7
1165 1 -7
1166 1 -7
1167 1 -7
1168 1 -7
1169 1 -7
1170 1 -7
1171 1 -7
1172 1 -7
1173 1 -7
1174 1 -7
1175 1 -7
1176 1 -7
1177 1 -7
1178 1 -7
1179 1 -7
1180 1 -7
1181 1 -7
1182 1 -7
1183 1 -7
1184 1 -7
1185 1 -7
1186 1 -7
1187 1 -7
1188 1 -7
1189 1 -7
1190 1 -7
1191 5 10
1192 5 10
1193 5 10
1194 5 10
1195 5 10
1196 5 10
1197 5 10
1198 5 10
1199 5 10
1200 5 10
1201 5 10
1202 5 3
1203 5 3
1204 5 3
1205 5 3
1206 5 3
1207 5 3
1208 5 3
1209 5 3
1210 5 3
1220 5 3
1221 5 3
1222 5 3
1223 5 3
1224 5 3
1225 5 3
1226 5 3
1227 5 2
1228 3 9
1229 1 -7
1230 1 -7
1231 1 -7
1232 1 -7
1233 1 -7
1234 1 -7
1235 1 -7
1236 1 -7
1237 1 -7
1238 1 -7
1239 1 -7
1240 1 -7
1241 5 4
1242 5 4
1243 5 4
1244 5 4
1245 5 4
1246 5 4
1247 1 -7
1248 1 -7
1249 1 -7
1250 1 -7
1251 1 -7
1252 1 -7
1253 1 -7
1254 1 -7
1255 1 -7
1256 1 -7
1257 1 -7
1258 1 -7
1259 1 -7
1260 5 2
1261 5 2
1262 5 2
1263 5 2
1264 5 2
1265 5 2
1266 1 -7
1267 1 -7
1268 5 2
1269 1 9
1270 1 9
1271 1 9
1272 1 9
1273 1 9
1274 1 9
1275 5 9
1276 5 9
1277 1 -7
1278 1 -7
1279 1 -7
1280 1 -7
1281 1 -7
1282 1 -7
1283 1 -7
1284 1 -7
1285 1 -7
1286 1 -7
1287 1 -7
1288 1 -7
1289 1 -7
1290 1 -7
1291 1 9
1292 1 9
1293 1 9
1294 1 -7
1295 1 -7
1296 1 -7
1297 1 -7
1298 1 -7
1299 1 -7
1300 1 -7
1301 1 -7
1302 1 -7
1303 1 -7
1304 1 -7
1305 1 -7
1306 1 -7
1307 1 -7
1308 1 -7
1309 1 -7
1310 1 -7
1311 1 -7
1312 1 -7
1313 1 -7
1314 1 -7
1315 1 -7
1316 1 -7
1317 1 -7
1318 1 -7
1319 1 -7
1320 1 -7
1322 1 -7
1325 1 -7
1326 1 -7
1327 5 2
1328 5 2
1329 5 9
1330 3 12
1331 undefined 10
1332 3 12
1333 3 12
1334 undefined -6
1338 5 3
1339 5 3
1340 5 2
1341 5 2
1342 5 2
1343 5 2
1344 5 2
1345 5 2
1346 5 2
1347 5 2
1348 1 -7
1349 1 -7
1350 1 -7
1351 1 -7
1352 1 -9
1353 1 -9
1354 1 -9
1355 1 -9
1356 1 -7
1357 1 -7
1358 1 -7
1359 1 -7
1360 1 -7
1361 1 -7
1362 1 -7
1363 1 -7
1364 1 -7
1365 1 -7
1366 1 -7
1367 3 -5
1368 3 -5
1369 3 -5
1370 3 -5
1371 3 -5
1372 3 -5
1373 3 -5
1374 3 -5
1375 3 -5
1376 3 -5
1377 3 -5
1378 3 -5
1379 3 -5
1380 3 -5
1381 3 -5
1382 3 -5
1383 3 -5
1384 3 -5
1385 3 -5
1386 3 -5
1387 1 -9
1388 1 -9
1389 1 -9
1390 1 -9
1391 1 -9
1392 1 -9
1393 1 -9
1394 1 -9
1395 1 -7
1431 1 -7
1432 1 -7
1433 1 -7
1434 1 -7
1435 1 -7
1436 1 -7
1437 1 -7
1438 1 -7
1439 1 -7
1440 1 -7
1441 1 -7
1442 1 -9
1443 1 -9
1444 1 -9
1445 1 -9
1446 1 -9
1447 1 -9
1448 1 -9
1449 1 -9
1450 1 -9
1451 1 -9
1452 1 -9
1453 3 -5
1454 3 -5
1455 3 -5
1456 3 -5
1457 3 -5
1458 3 -5
1459 3 -5
1460 3 -5
1461 1 -7
1462 1 -7
1463 1 -7
1464 1 -7
1471 1 -7
1472 1 -7
1473 1 -7
1496 1 -7
1507 1 -7
1510 1 -7
1511 1 -7
1512 1 -7
1513 1 -9
1514 1 -9
1515 1 -9
1516 3 9
1517 3 9
1518 5 2
1519 5 2
1520 5 2
1521 3 9
1522 3 9
1523 3 9
1524 3 9
1525 3 9
1526 3 9
1527 3 9
1528 3 9
1529 1 -7
1530 5 2
1531 1 -7
1532 1 -7
1533 1 -7
1534 1 -7
1535 1 -7
1536 1 -7
1537 1 -7
1538 1 -7
1539 1 -7
1540 1 -7
1552 1 -7
1553 1 -7
1554 1 -7
1555 1 -7
1556 1 -7
1557 1 -7
1558 1 -7
1559 1 -7
1560 1 -7
1561 5 2
1562 5 2
1563 5 2
1564 5 2
1565 5 2
1566 5 2
1567 5 2
1568 5 2
1569 5 2
1582 3 9
1583 3 9
1584 5 2
1585 5 2
1586 1 undefined
1587 5 9
1588 5 9
1589 5 9
1590 5 9
1591 3 9
1592 3 9
1593 3 9
1594 3 12
1595 5 2
1596 3 1
1597 3 1
1598 5 9
1599 5 9
1600 3 9
1601 3 8
1602 3 12
1603 3 12
1604 3 12
1605 3 12
1606 3 12
1607 3 12
1608 3 10
1609 3 10
1610 3 10
1611 5 2
1612 5 2
1613 5 2
1614 5 9
1615 5 1
1616 5 2
1617 1 -7
1618 3 9
1619 5 1
1620 5 1
1621 1 -7
1622 1 -7
1623 1 -7
1624 1 -7
1625 1 -7
1626 1 -7
1627 1 -7
1628 1 -7
1629 1 -7
1630 1 -7
1631 1 -7
1632 1 -7
1633 1 -7
1634 1 -7
1635 1 -7
1636 1 -7
1637 1 -7
1638 1 -7
1639 1 -7
1640 1 -7
1641 1 -7
1642 1 -7
1643 1 -7
1644 1 -7
1645 1 -7
1646 1 -7
1647 1 -7
1648 1 -7
1649 1 -7
1650 1 -7
1651 1 -7
1652 1 -7
1653 3 -5
1654 3 -5
1655 3 -5
1656 3 -5
1657 3 -5
1658 3 -5
1659 3 -5
1660 3 -5
1661 3 -5
1662 3 -5
1663 3 -5
1664 3 -5
1665 3 -5
1666 3 -5
1667 3 -5
1668 3 -5
1669 3 -5
1670 3 -5
1671 3 -5
1672 3 -5
1673 3 -5
1674 3 -5
1675 3 -5
1676 3 -5
1677 3 -5
1678 3 -5
1679 3 -5
1680 3 -5
1681 3 -5
1682 3 -5
1683 3 -5
1684 3 -5
1685 3 9
1686 3 9
1687 3 9
1688 3 9
1689 3 9
1690 3 9
1691 3 9
1692 3 9
1693 3 9
1694 3 9
1695 3 9
1696 3 9
1697 3 9
1698 3 9
1699 3 9
1700 3 undefined
1701 5 1
1702 5 1
1703 5 1
1704 3 12
1705 5 1
1706 5 1
1707 5 1
1708 5 1
1709 5 1
1710 5 1
1711 5 2
1712 5 2
1713 5 2
1714 5 2
1715 5 2
1716 5 1
1717 5 1
1718 5 1
1719 5 2
1720 5 2
1721 5 2
1722 5 1
1723 5 1
1724 5 1
1725 5 1
1726 5 1
1727 5 1
1728 5 1
1729 5 1
1730 5 1
1731 5 1
1732 5 1
1733 5 1
1734 5 1
1735 5 1
1736 5 1
1737 1 -7
1738 1 -7
1739 1 -7
1740 1 -7
1741 1 -7
1742 1 -7
1743 5 2
1744 5 2
1745 5 2
1746 5 2
1747 5 2
1748 5 2
1749 5 2
1750 5 2
1751 3 12
1752 3 9
1753 3 9
1754 3 9
1755 5 2
1756 3 9
1757 3 9
1758 1 9
1759 1 9
1760 1 9
1761 1 9
1762 1 9
1763 1 9
1764 3 -5
1765 3 -5
1766 3 -5
1767 3 -5
1768 3 -5
1769 1 -7
1770 1 -7
1771 1 -7
1772 1 -7
1773 1 -7
1774 1 -7
1775 1 -7
1776 1 -7
1777 1 -7
1778 1 -7
1779 1 -7
1780 1 -7
1781 1 -9
1782 1 -9
1783 1 -9
1784 1 -9
1785 1 -7
1786 1 -7
1787 1 -7
1788 1 -7
1789 1 -9
1790 1 -9
1791 1 -9
1792 1 -9
1793 1 -7
1794 1 -7
1795 1 -7
1796 1 -7
1797 3 9
1798 3 9
1799 1 -9
1800 1 -9
1801 1 -9
1802 1 -9
1803 1 -7
1804 1 -7
1805 1 -9
1806 1 -9
1807 1 -7
1808 1 -7
1809 1 -9
1810 1 -9
1811 5 2
1812 5 2
1813 5 2
1814 5 2
1815 5 2
1816 5 2
1817 5 2
1818 5 2
1819 5 2
1820 1 -7
1821 1 -7
1823 1 -7
1824 1 -7
1825 1 -7
1826 1 -7
1827 1 -7
1828 1 -7
1829 5 2
1830 3 9
1831 3 9
1832 3 9
1833 3 9
1834 3 9
1835 3 9
1836 3 9
1837 3 9
1838 3 9
1839 3 9
1840 3 9
1841 3 9
1842 3 9
1843 3 9
1844 3 9
1845 3 9
1846 3 9
1847 3 9
1848 3 9
1849 5 2
1850 5 2
1851 5 2
1852 5 2
1853 5 2
1854 5 2
1855 5 2
1856 5 2
1857 5 2
1858 5 2
1859 5 2
1860 5 2
1861 1 -7
1862 1 -7
1863 1 -7
1864 1 -7
1865 1 -7
1866 1 -7
1867 1 -7
1868 1 -7
1869 1 -7
1870 1 -7
1871 1 -7
1872 1 -7
1873 1 -7
1874 1 -7
1875 1 -7
1876 1 -7
1877 1 -7
1878 1 -7
1879 1 -7
1880 1 -7
1881 1 -7
1882 1 -7
1883 1 -7
1884 1 -7
1885 1 -7
1886 1 9
1887 1 9
1888 1 9
1889 1 -4
1890 1 -4
1891 1 -4
1892 1 -4
1893 3 9
1894 3 9
1895 3 9
1896 3 9
1897 3 9
1898 3 9
1899 3 9
1900 3 9
1901 3 9
1902 3 9
1903 5 2
1904 5 2
1905 5 2
1906 5 2
1907 5 2
1908 5 2
1909 5 2
1910 5 2
1911 5 2
1912 5 2
1913 5 2
1914 5 2
1915 5 2
1916 5 2
1917 5 2
1919 3 -5
1920 3 -5
1921 3 -5
1922 3 10
1923 3 10
1924 3 10
1925 3 10
1926 3 10
1927 3 10
1928 3 10
1931 5 2
1932 5 2
1933 undefined 10
1934 5 2
1935 5 2
1936 5 2
1937 5 2
1938 5 2
1939 5 2
1964 3 -5
1964 3 -5
1964 3 -5
1964 3 -5
1964 3 -5
1964 3 -5
1964 3 -5
1964 3 -5
1964 3 -5
1964 3 -5
1964 3 -5
1964 3 -5
1964 3 -5
1964 3 -5
1964 3 -5
1964 3 -5
1964 3 -5
1964 3 -5
1964 3 -5
1964 3 -5
1964 3 -5
1964 3 -5
1964 3 -5
1964 3 -5
1964 3 -5
1964 3 -5
1964 3 -5
1964 3 -5
1964 3 -5
1964 3 -5
1964 3 -5
1964 3 -5
1964 3 -5
1964 3 -5
1964 3 -5
1964 3 -5
1964 3 -5
1964 3 -5
1964 3 -5
1964 3 -5
1964 3 -5
1964 3 -5
1964 3 -5
1964 3 -5
1964 3 -5
1964 3 -5
1964 3 -5
1964 3 -5
2012 5 2
2015 5 2
2016 5 2
2020 5 2
2021 5 2
2022 5 2
2023 5 2
2024 5 2
2025 5 2
2026 5 2
2027 5 2
2028 5 2
2029 5 2
2030 5 2
2031 5 2
2032 5 2
2033 5 2
2034 5 2
2035 5 2
2036 5 2
2037 5 2
2038 5 2
2039 5 2
2040 5 2
2041 5 2
2042 5 2
2043 5 2
2044 5 2
2045 5 2
2046 5 2
2047 5 2
2048 5 2
2049 5 2
2050 5 2
2051 5 2
2052 5 2
2053 5 2
2054 5 2
2055 5 2
2062 5 2
2063 3 2
2064 undefined 10
2065 5 2
2066 5 2
2067 5 2
2068 5 2
2069 5 2
2070 3 9
2071 3 9
2072 3 9
2073 3 9
2074 3 9
2075 3 9
2076 3 9
2077 3 9
2078 3 9
2079 3 9
2080 3 9
2081 3 9
2082 3 10
2083 3 9
2084 3 9
2085 3 9
2086 3 9
2087 3 9
2088 3 10
2089 3 8
2090 3 9
2091 3 9
2092 3 8
2093 3 9
2094 3 9
2095 3 9
2096 3 9
2097 3 8
2098 3 9
2099 3 9
2100 3 9
2101 3 9
2102 3 9
2103 3 9
2104 3 9
2105 3 9
2106 3 9
2107 3 9
2108 3 9
2109 3 9
2110 3 9
2111 3 9
2112 3 9
2113 3 9
2114 3 9
2115 3 9
2116 3 9
2117 3 9
2118 3 9
2119 3 9
2120 3 10
2121 3 10
2122 3 9
2123 3 9
2124 3 9
2125 3 9
2126 3 9
2127 3 9
2128 3 9
2129 3 9
2130 3 10
2131 3 10
2132 3 10
2133 3 10
2134 3 10
2135 3 10
2136 3 10
2137 3 9
2138 3 10
2139 3 10
2140 3 10
2141 3 10
2142 3 9
2143 3 9
2144 3 9
2145 3 9
2146 3 9
2147 3 9
2148 3 9
2149 3 9
2150 3 9
2151 3 9
2152 3 9
2153 3 9
2154 3 9
2155 3 10
2156 3 9
2157 3 9
2158 3 9
2159 3 9
2160 3 9
2161 3 9
2162 3 9
2163 3 9
2164 3 9
2165 3 9
2166 3 9
2167 3 9
2168 3 9
2169 3 9
2170 3 9
2171 3 9
2172 3 9
2173 3 9
2174 3 9
2175 3 9
2176 3 9
2177 3 9
2178 3 9
2179 3 9
2180 3 9
2181 3 9
2182 3 9
2183 3 9
2184 3 9
2185 3 9
2186 3 9
2187 3 9
2188 3 9
2189 3 9
2190 3 9
2191 3 9
2192 3 9
2193 3 9
2194 3 9
2195 3 9
2196 3 9
2197 3 9
2198 3 9
2199 3 9
2200 3 9
2201 3 9
2202 3 9
2203 3 9
2204 3 9
2205 3 9
2206 3 9
2207 3 9
2208 3 9
2209 3 9
2210 3 9
2211 3 9
2212 3 9
2213 3 9
2214 3 9
2215 3 9
2216 3 9
2217 3 9
2218 3 9
2219 3 9
2220 3 9
2221 3 9
2222 3 9
2223 3 9
2224 3 9
2225 3 9
2226 3 9
2227 3 9
2228 3 9
2229 3 9
2230 3 11
2231 3 11
2232 3 11
2233 3 11
2234 3 11
2235 3 11
2236 3 11
2237 3 10
2238 3 10
2239 3 9
2240 3 9
2241 3 9
2242 3 9
2243 3 9
2244 3 9
2245 3 9
2246 3 9
2247 3 9
2248 3 9
2249 3 9
2250 3 9
2251 3 9
2252 3 9
2253 3 9
2254 3 9
2255 3 9
2256 3 9
2257 3 9
2258 3 9
2259 3 9
2260 3 9
2261 3 9
2262 3 9
2263 3 9
2264 3 9
2265 3 9
2266 3 9
2267 3 9
2268 3 9
2269 3 9
2270 3 9
2271 3 9
2272 3 9
2273 3 9
2274 3 9
2275 3 9
2276 3 9
2277 3 9
2278 3 9
2279 3 10
2280 3 11
2281 3 9
2282 3 9
2283 3 9
2284 3 9
2285 3 9
2286 3 9
2287 3 9
2288 3 9
2289 3 9
2290 3 9
2291 3 9
2292 3 9
2293 3 9
2294 3 9
2295 3 9
2296 3 9
2297 3 9
2298 3 9
2299 3 9
2300 3 9
2301 3 9
2302 3 9
2303 3 9
2304 3 9
2305 3 9
2306 3 9
2307 3 9
2308 3 9
2309 3 9
2310 3 9
2311 3 9
2312 3 9
2313 3 9
2314 3 9
2315 3 9
2316 3 9
2317 3 9
2318 3 9
2319 3 9
2320 3 9
2321 3 9
2322 3 9
2323 3 9
2324 3 9
2325 3 9
2326 3 9
2327 3 9
2328 3 9
2329 3 9
2330 3 9
2331 3 9
2332 3 9
2333 3 9
2334 3 9
2335 3 9
2336 3 9
2337 3 9
2338 3 9
2339 3 9
2340 3 9
2341 3 9
2342 3 9
2343 3 9
2344 3 9
2345 3 9
2346 3 9
2347 3 9
2348 3 9
2349 3 9
2350 3 9
2351 3 9
2352 3 9
2353 3 9
2354 3 9
2355 3 9
2356 3 9
2357 3 9
2358 3 9
2359 3 9
2360 3 9
2361 3 9
2362 3 9
2363 3 9
2364 3 9
2365 3 9
2366 3 9
2367 3 9
2368 3 9
2369 3 9
2370 3 9
2371 3 9
2372 3 9
2373 3 9
2374 3 9
2375 3 9
2376 3 9
2377 3 9
2378 3 9
2379 3 9
2380 3 9
2381 3 9
2382 3 9
2383 3 9
2384 3 9
2385 3 9
2386 3 9
2387 3 9
2388 3 9
2389 3 9
2390 3 9
2391 3 9
2392 3 9
2393 3 9
2394 3 9
2395 3 9
2396 3 9
2397 3 9
2398 3 9
2399 3 9
2400 3 9
2401 3 9
2402 3 9
2403 3 9
2404 3 9
2405 3 9
2406 3 9
2407 3 9
2408 3 9
2409 3 9
2410 3 9
2411 3 9
2412 3 9
2413 3 9
2414 3 9
2415 3 9
2416 3 9
2417 3 9
2418 3 9
2419 3 9
2420 3 9
2421 3 9
2422 3 9
2423 3 9
2424 3 9
2425 3 9
2426 3 9
2427 3 9
2428 3 9
2429 3 9
2430 3 9
2431 3 9
2432 3 9
2433 3 9
2434 3 9
2435 3 9
2436 3 9
2437 3 9
2438 3 9
2439 3 9
2440 3 9
2441 3 9
2442 3 9
2443 3 9
2444 3 9
2445 3 9
2446 3 9
2447 3 9
2448 3 9
2449 3 9
2450 3 9
2451 3 9
2452 3 9
2453 3 9
2454 3 9
2455 3 9
2456 3 9
2457 3 9
2458 3 9
2459 3 9
2460 3 9
2461 3 9
2462 3 9
2463 3 9
2464 3 9
2465 3 9
2466 3 8
2467 3 9
2468 3 9
2469 3 9
2470 3 9
2471 3 9
2472 3 10
2473 3 9
2474 3 10
2475 3 9
2476 3 9
2477 3 9
2478 3 9
2479 3 9
2480 3 9
2481 3 9
2482 3 9
2483 3 9
2484 3 9
2485 3 9
2486 3 9
2487 3 9
2488 3 9
2489 3 9
2490 3 9
2491 3 9
2492 3 9
2493 3 9
2494 3 9
2495 3 9
2496 3 9
2497 3 9
2498 3 9
2499 3 9
2500 3 9
2501 3 9
2502 3 9
2503 3 9
2504 3 9
2505 3 9
2506 3 9
2507 3 9
2508 3 9
2509 3 9
2510 3 9
2511 3 9
2512 3 9
2513 3 9
2514 3 9
2515 3 9
2516 3 9
2517 3 9
2518 3 9
2519 3 10
2520 3 10
2521 3 10
2522 3 10
2523 3 10
2524 3 9
2525 3 10
2526 3 9
2527 3 9
2528 3 9
2529 3 9
2530 3 9
2531 3 9
2532 3 9
2533 3 9
2534 3 9
2535 3 9
2536 3 9
2537 3 9
2538 3 9
2539 3 9
2540 3 9
2541 3 10
2542 3 9
2543 3 10
2544 3 9
2545 3 10
2546 3 9
2547 3 10
2548 3 9
2549 3 8
2550 3 9
2551 3 9
2552 3 9
2553 3 9
2554 3 9
2555 3 10
2556 3 9
2557 3 10
2558 3 9
2559 3 9
2560 3 9
2561 3 9
2562 3 9
2563 3 10
2564 3 9
2565 3 10
2566 3 9
2567 3 10
2568 3 9
2569 3 10
2570 3 9
2571 3 10
2572 3 9
2573 3 10
2574 3 9
2575 3 10
2576 3 9
2577 3 10
2578 3 9
2579 3 10
2580 3 9
2581 3 9
2582 3 9
2583 3 9
2584 3 9
2585 3 9
2586 3 9
2587 3 9
2588 3 9
2589 3 9
2590 3 9
2591 3 9
2592 3 9
2593 3 9
2594 3 9
2595 3 9
2596 3 9
2597 3 10
2598 3 9
2599 3 9
2600 3 9
2601 3 9
2602 3 9
2603 3 9
2604 3 9
2605 3 9
2606 3 9
2607 3 9
2608 3 9
2609 3 9
2610 3 9
2611 3 9
2612 3 9
2613 3 9
2614 3 9
2615 3 9
2616 3 9
2617 3 9
2618 3 9
2619 3 9
2620 3 9
2621 3 9
2622 3 9
2623 3 9
2624 3 9
2625 3 9
2626 3 9
2627 3 9
2628 3 9
2629 3 9
2630 3 9
2631 3 9
2632 3 9
2633 3 9
2634 3 9
2635 3 9
2636 3 9
2637 3 9
2638 3 9
2639 3 9
2640 3 9
2641 3 9
2642 3 9
2643 3 9
2644 3 9
2645 3 9
2646 3 9
2647 3 9
2648 3 9
2649 3 9
2650 3 9
2651 3 9
2652 3 9
2653 3 9
2654 3 9
2655 3 9
2656 3 9
2657 3 9
2658 3 9
2659 3 9
2660 3 9
2661 3 9
2662 3 9
2663 3 9
2664 3 9
2665 3 9
2666 3 9
2667 3 9
2668 3 9
2669 3 9
2670 3 9
2671 3 9
2672 3 9
2673 3 9
2674 3 9
2675 3 9
2676 3 9
2677 3 9
2678 3 9
2679 3 9
2680 3 9
2681 3 9
2682 3 9
2683 3 9
2684 3 9
2685 3 9
2686 3 9
2687 3 9
2688 3 10
2689 3 9
2690 3 10
2691 3 9
2692 3 10
2693 3 9
2694 3 9
2695 3 9
2696 3 9
2697 3 9
2698 3 9
2699 3 9
2700 3 9
2703 1 -5
2704 1 -5
2708 1 -5
2709 1 -5
2710 1 -5
2711 1 -5
2712 1 -5
2713 1 -5
2714 1 -5
2715 1 -5
2716 1 -5
2717 1 -5
2718 1 -5
2719 1 -5
2720 1 -5
2721 1 -5
2722 1 -5
2723 1 -5
2724 1 -5
2725 1 -5
2726 1 -5
2727 1 -5
2728 1 -5
2729 1 -5
2730 1 -5
2731 1 -5
2732 1 -5
2733 1 -5
2734 1 -5
2735 1 -5
2736 1 -5
2737 1 -5
2738 1 -5
2739 1 -5
2740 1 -5
2741 1 -5
2742 1 -5
2743 1 -5
2744 1 -5
2745 1 -5
2746 1 -5
2747 1 -5
2748 1 -5
2749 1 -5
2750 1 -5
2751 1 -5
2752 1 -5
2753 1 -5
2754 1 -5
2755 1 -5
2756 1 -5
2757 1 -5
2758 1 -5
2759 1 -5
2760 1 -5
2761 1 -5
2762 1 -5
2763 1 -5
2764 1 -5
2765 1 -5
2766 1 -5
2767 1 -5
2768 1 -5
2769 1 -5
2770 1 -5
2773 1 -5
2776 1 -5
2777 1 -5
2778 1 -5
2779 1 -5
2780 1 -5
2781 1 -5
2782 1 -5
2783 1 -5
2784 1 -5
2785 1 -5
2786 1 -5
2787 1 -5
2788 1 -5
2789 1 -5
2790 1 -5
2791 1 -5
2792 1 -5
2793 1 -5
2794 1 -5
2795 1 -5
2796 1 -5
2797 1 -5
2798 1 -5
2799 1 -5
2800 1 -5
2801 1 -5
2802 1 -5
2803 1 -5
2804 1 -5
2805 1 -5
2806 1 -5
2807 1 -5
2808 1 -5
2809 1 -5
2810 1 -5
2811 1 -5
2812 1 -5
2813 1 -5
2814 1 -5
2815 1 -5
2816 1 -5
2817 1 -5
2818 1 -5
2819 1 -5
2820 1 -5
2821 1 -5
2822 1 -5
2823 1 -5
2824 1 -5
2825 1 -5
2826 1 -5
2827 1 -5
2828 1 -5
2829 1 -5
2830 1 -5
2831 1 -5
2832 1 -5
2833 1 -5
2834 1 -5
2835 1 -5
2836 1 -5
2837 1 -5
2838 1 -5
2839 1 -5
2840 1 -5
2841 1 -5
2842 1 -5
2843 1 -5
2844 1 -5
2845 1 -5
2846 1 -5
2847 1 -5
2848 1 -5
2849 1 -5
2850 1 -5
2851 1 -5
2852 1 -2
2853 1 -2
2854 1 -2
2855 1 -2
2856 1 -2
2857 1 -2
2858 1 -2
2859 1 -2
2860 1 -2
2861 1 -2
2862 1 -2
2863 1 -2
2864 5 2
2865 5 2
2866 5 2
2867 5 2
2868 5 2
2869 5 2
2870 5 2
2871 5 2
2872 5 2
2873 5 2
2874 5 2
2875 5 2
2876 5 2
2877 5 2
2878 5 2
2879 5 2
2880 5 2
2881 5 2
2882 5 2
2883 5 2
2884 5 2
2885 5 2
2886 5 2
2887 5 2
2888 5 2
2889 5 2
2890 5 2
2891 5 2
2892 5 2
2893 5 2
2894 5 2
2895 1 -5
2896 1 -5
2897 1 -5
2899 5 2
2900 5 2
2901 5 2
2902 undefined 10
2903 5 undefined
2904 5 2
2905 5 2
2907 5 2
2909 5 2
2910 5 2
2911 5 2
2912 5 2
2913 5 2
2914 5 2
2915 5 2
2916 5 2
2917 5 2
2919 5 2
2920 5 2
2921 5 2
2922 5 2
2923 5 2
2924 5 2
2925 5 2
2926 undefined 10
2927 1 -5
2928 1 -5
2929 1 -5
2930 1 -5
2931 1 -5
2932 1 -5
2933 1 -5
2934 1 -5
2935 1 -5
2936 1 -5
2937 1 -5
2938 1 -5
2939 1 -5
2940 1 -5
2941 1 -5
2942 1 -5
2943 -1 -5
2944 -1 -5
2945 -1 -5
2946 -1 -5
2947 -1 -5
2948 -1 -5
2949 -1 -5
2950 -1 -5
2951 -1 -5
2952 -1 -5
2953 -1 -5
2954 -1 -5
2955 -1 -5
2956 -1 -5
2957 -1 -5
2958 -1 -5
2959 -1 -5
2960 -1 -5
2961 1 undefined
2962 1 undefined
2963 1 undefined
2964 1 undefined
2965 1 undefined
2966 1 undefined
2967 1 undefined
2968 1 undefined
2969 1 undefined
2970 1 undefined
2971 1 undefined
2972 1 undefined
2973 1 5
2974 1 5
2975 1 5
2976 1 5
2977 1 5
2978 1 5
2979 1 5
2980 1 5
2981 1 5
2982 1 5
2983 1 5
2984 1 5
2985 1 5
2986 1 5
2987 1 5
2988 1 5
2989 1 5
2990 1 5
2991 1 5
2992 1 5
2993 1 5
2994 1 5
2995 1 5
2996 1 5
2997 1 5
2998 1 5
2999 5 2
3000 3 9
3001 3 9
3002 3 9
3004 3 12
3005 3 12
3006 5 2
3007 5 2
3008 5 2
3009 5 2
3010 5 2
3011 5 2
3012 5 2
3013 5 2
3014 5 2
3015 5 2
3016 5 2
3017 5 2
3018 5 2
3019 5 2
3020 5 2
3021 5 2
3022 5 2
3023 5 2
3024 5 2
3027 3 12
3029 5 2
3030 5 2
3031 5 2
3032 5 2
3033 5 2
3034 1 5
3035 1 5
3036 1 5
3037 1 5
3038 1 6
3039 1 6
3040 1 6
3041 1 6
3042 1 8
3043 1 8
3044 1 8
3045 1 8
3046 1 8
3047 1 8
3048 1 8
3049 1 8
3050 1 5
3051 1 6
3052 1 7
3053 1 8
3054 1 5
3055 1 5
3056 1 5
3057 1 5
3058 1 5
3059 1 5
3060 1 5
3061 1 5
3062 1 5
3063 1 5
3064 1 5
3065 1 5
3066 1 5
3067 1 6
3068 1 6
3069 1 6
3070 1 6
3071 1 6
3072 1 6
3073 1 6
3074 1 6
3075 1 6
3076 1 6
3077 1 6
3078 1 6
3079 1 6
3080 1 8
3081 1 8
3082 1 8
3083 1 8
3084 1 8
3085 1 8
3086 1 8
3087 1 8
3088 1 8
3089 1 8
3090 1 5
3091 1 6
3092 3 9
3093 3 9
3094 3 9
3095 3 9
3096 3 9
3097 3 9
3101 3 9
3102 3 9
3103 3 9
3104 3 9
3105 3 9
3106 3 9
3107 3 9
3108 3 9
3109 3 9
3110 3 9
3111 3 9
3112 3 9
3113 3 9
3114 3 9
3115 3 9
3116 3 9
3117 3 9
3118 3 9
3119 3 9
3120 3 9
3121 3 9
3122 3 9
3123 3 9
3124 3 9
3125 3 9
3126 3 9
3127 3 9
3128 3 9
3129 3 9
3130 3 9
3131 3 9
3132 3 9
3133 3 9
3134 3 9
3135 3 9
3136 3 9
3137 3 9
3138 3 9
3139 3 9
3140 3 9
3141 3 9
3142 3 9
3143 3 9
3144 3 9
3145 3 9
3146 3 9
3147 3 9
3148 3 9
3149 3 9
3150 3 9
3151 3 9
3152 3 9
3153 3 9
3154 3 9
3155 3 9
3156 3 9
3157 3 9
3158 3 9
3159 3 9
3160 3 9
3161 3 9
3162 3 9
3163 3 9
3164 3 9
3165 3 9
3166 3 9
3167 3 9
3168 3 9
3169 3 9
3170 3 9
3171 3 9
3172 3 9
3173 3 9
3174 3 9
3175 3 9
3176 3 9
3177 3 9
3178 3 9
3179 3 9
3180 3 9
3181 3 9
3182 3 9
3183 3 9
3184 3 9
3185 3 9
3186 3 9
3187 3 9
3188 3 9
3189 3 9
3190 3 9
3191 3 9
3192 3 9
3193 3 9
3194 3 9
3195 3 9
3196 3 9
3197 3 9
3198 3 9
3199 3 9
3200 3 9
3201 3 9
3202 3 9
3203 3 9
3204 3 9
3205 3 9
3206 3 9
3207 3 9
3208 3 9
3209 3 9
3210 3 9
3211 3 9
3212 3 9
3213 3 9
3214 3 9
3215 3 9
3216 3 9
3217 3 9
3218 3 9
3219 3 9
3220 3 9
3221 3 9
3222 3 9
3223 3 9
3224 3 9
3225 3 9
3226 3 9
3227 3 9
3228 3 9
3229 3 9
3230 3 9
3231 3 9
3232 3 9
3233 3 9
3234 3 9
3235 3 9
3236 3 9
3237 3 9
3238 3 9
3239 3 9
3240 3 9
3241 3 9
3242 3 9
3243 3 9
3244 3 9
3245 3 9
3246 3 9
3247 3 9
3248 3 9
3249 3 9
3250 3 9
3251 3 9
3252 3 9
3253 3 9
3254 3 9
3255 3 9
3256 3 9
3257 3 9
3258 3 9
3259 3 9
3260 3 9
3261 3 9
3262 3 9
3263 3 9
3264 3 9
3265 3 9
3266 3 9
3267 3 9
3268 3 9
3269 3 9
3270 3 9
3271 3 9
3272 3 9
3273 3 9
3274 3 9
3275 3 9
3276 3 9
3277 3 9
3278 3 9
3279 3 9
3280 3 9
3281 3 9
3282 3 9
3283 3 9
3284 3 9
3285 3 9
3286 3 9
3287 3 9
3288 3 9
3289 3 9
3290 3 9
3291 3 9
3292 3 9
3293 3 9
3294 3 9
3295 3 9
3296 3 9
3297 3 9
3298 3 9
3299 3 9
3300 3 9
3301 3 9
3302 3 9
3303 3 9
3304 3 9
3305 3 9
3306 3 9
3307 3 9
3308 3 9
3309 3 9
3310 3 9
3311 3 9
3312 3 9
3313 3 9
3314 3 9
3315 3 9
3316 3 9
3317 3 9
3318 3 9
3319 3 9
3320 3 9
3321 3 9
3322 3 9
3323 3 9
3324 3 9
3325 3 9
3326 3 9
3327 3 9
3328 3 9
3329 3 9
3330 3 9
3331 3 9
3332 3 9
3333 3 9
3334 3 9
3335 3 9
3336 3 9
3337 3 9
3338 3 9
3339 3 9
3340 3 9
3341 3 9
3342 3 9
3343 3 9
3344 3 9
3345 3 9
3346 3 9
3347 3 9
3348 3 9
3349 3 9
3350 3 9
3351 3 9
3352 3 9
3353 3 9
3354 3 9
3355 3 9
3356 3 9
3357 3 9
3358 3 9
3359 3 9
3360 3 9
3361 3 9
3362 3 9
3363 3 9
3364 3 9
3365 3 9
3366 3 9
3367 3 9
3368 3 9
3369 3 9
3370 3 9
3371 3 9
3372 3 9
3373 3 9
3374 3 9
3375 3 9
3376 3 9
3377 3 9
3378 3 9
3379 3 9
3380 3 9
3381 3 9
3382 3 9
3383 3 9
3384 3 9
3385 3 9
3386 3 9
3387 3 9
3388 3 9
3389 3 9
3390 3 9
3391 3 9
3392 3 9
3393 3 9
3394 3 9
3395 3 9
3396 3 9
3397 3 9
3398 3 10
3399 3 10
3400 3 10
3401 3 10
3402 3 9
3403 3 9
3404 3 9
3405 3 9
3406 3 9
3407 3 9
3408 3 9
3409 3 9
3410 3 9
3411 3 9
3412 3 9
3413 3 9
3414 3 9
3415 3 9
3416 3 9
3417 3 9
3418 3 9
3419 3 9
3420 3 9
3421 3 9
3422 3 9
3423 3 9
3424 3 9
3425 3 9
3426 3 9
3427 3 9
3428 3 9
3429 3 9
3430 3 9
3431 3 9
3432 3 9
3433 3 9
3434 3 9
3435 3 9
3436 3 9
3437 3 9
3438 3 9
3439 3 9
3440 3 9
3441 3 9
3442 3 9
3443 3 9
3444 3 9
3445 3 9
3446 3 9
3447 3 9
3448 3 9
3449 3 9
3450 3 9
3451 3 9
3452 3 9
3453 3 9
3454 3 9
3455 3 9
3456 3 9
3457 3 9
3458 3 9
3459 3 9
3460 3 9
3461 3 9
3462 3 9
3463 3 9
3464 3 9
3465 3 9
3466 3 9
3467 3 9
3468 3 9
3469 3 9
3470 3 9
3471 3 9
3472 3 9
3473 3 9
3474 3 9
3475 3 9
3476 3 9
3477 3 9
3478 3 9
3479 3 9
3480 3 9
3481 3 9
3482 3 9
3483 3 9
3484 3 9
3485 3 9
3486 3 9
3487 3 9
3488 3 9
3489 3 9
3490 3 9
3491 3 9
3492 3 9
3493 3 9
3494 3 9
3495 3 9
3496 3 9
3497 3 9
3498 3 9
3499 3 9
3500 3 9
3501 3 9
3502 3 9
3503 3 9
3504 3 9
3505 3 9
3506 3 9
3507 3 9
3508 3 9
3509 3 9
3510 3 9
3511 3 9
3512 3 9
3513 3 9
3514 3 9
3515 3 9
3516 3 9
3517 3 9
3518 3 9
3519 3 9
3520 3 9
3521 3 9
3522 3 9
3523 3 9
3524 3 9
3525 3 9
3526 3 9
3527 3 9
3528 3 9
3529 3 9
3530 3 9
3531 3 9
3532 3 9
3533 3 9
3534 3 9
3535 3 9
3536 3 9
3537 3 9
3538 3 9
3539 3 9
3540 3 10
3541 3 10
3542 3 11
3543 3 11
3544 3 9
3545 3 9
3546 3 9
3547 3 9
3548 3 9
3549 3 9
3550 3 9
3551 3 9
3552 3 9
3553 3 9
3554 3 9
3555 3 9
3556 3 9
3557 3 9
3558 3 9
3559 3 9
3560 3 9
3561 3 9
3562 3 9
3563 3 9
3564 3 9
3565 3 9
3566 3 9
3567 3 9
3568 3 9
3569 3 9
3570 3 9
3571 3 9
3572 3 9
3573 3 9
3574 3 9
3575 3 9
3576 3 9
3577 3 9
3578 3 9
3579 3 9
3580 3 9
3581 3 9
3582 3 9
3583 3 9
3584 3 9
3585 3 9
3586 3 9
3587 3 9
3588 3 9
3589 3 9
3590 3 9
3591 3 9
3592 3 9
3593 3 9
3594 3 9
3595 3 9
3596 3 9
3597 3 9
3598 3 9
3599 3 9
3600 5 2
3601 5 9
3602 5 2
3603 5 2
3604 5 2
3605 5 2
3606 5 2
3607 5 2
3608 5 2
3609 5 2
3610 5 10
3611 5 10
3612 5 2
3613 5 2
3614 5 2
3615 5 2
3617 5 2
3618 5 2
3619 5 2
3620 5 2
3621 3 -5
3622 3 -5
3623 3 -5
3624 3 -5
3625 3 -5
3626 3 -5
3627 3 -5
3628 3 -5
3629 3 -5
3630 3 -5
3631 3 -5
3632 3 -5
3633 3 -5
3634 3 -5
3635 3 -5
3636 3 -5
3637 3 -5
3638 3 -5
3639 3 -5
3640 5 2
3641 5 2
3642 5 2
3643 5 2
3645 5 2
3646 3 9
3647 3 9
3648 3 9
3649 3 9
3650 3 9
3651 3 9
3652 3 9
3653 3 9
3654 3 9
3655 5 2
3656 3 9
3657 3 9
3658 3 9
3659 3 9
3660 5 2
3661 5 2
3662 5 2
3700 3 9
3701 3 9
3702 3 9
3703 3 9
3704 3 9
3705 3 9
3706 3 9
3707 3 9
3708 3 9
3709 3 9
3710 3 9
3711 3 9
3712 3 9
3713 3 9
3714 3 9
3715 3 9
3716 3 9
3717 3 9
3718 3 9
3719 3 9
3720 3 9
3721 3 9
3722 3 9
3723 3 9
3724 3 9
3725 3 9
3726 3 9
3727 3 9
3728 3 9
3729 3 9
3730 3 9
3731 3 9
3732 3 9
3733 3 9
3734 3 9
3735 3 9
3736 3 9
3737 3 9
3738 3 9
3739 3 9
3740 3 9
3741 3 9
3742 3 9
3743 3 9
3744 3 9
3745 3 9
3746 3 9
3747 3 9
3748 3 9
3749 3 9
3750 3 9
3751 3 9
3752 3 9
3753 3 9
3754 3 9
3755 3 9
3756 3 9
3757 3 9
3758 3 9
3759 3 9
3760 3 9
3761 3 9
3762 3 9
3763 3 9
3764 3 9
3765 3 9
3766 3 9
3767 3 9
3768 3 9
3769 3 9
3770 3 9
3771 3 9
3772 3 9
3773 3 9
3774 3 9
3775 3 9
3776 3 9
3777 3 9
3778 3 9
3779 3 9
3780 3 9
3781 3 9
3782 3 9
3783 3 9
3784 3 9
3785 3 9
3786 3 9
3787 3 9
3788 3 9
3789 3 9
3790 3 9
3791 3 9
3792 3 9
3793 3 10
3794 3 9
3795 3 9
3796 3 9
3797 3 9
3798 3 9
3799 3 9
3800 5 2
3801 3 9
3802 3 9
3803 3 9
3804 3 9
3805 3 9
3806 3 9
3807 3 9
3808 3 9
3809 3 9
3810 3 9
3811 3 9
3812 3 9
3813 3 9
3814 3 9
3815 3 9
3816 3 9
3817 3 9
3818 3 9
3819 3 9
3820 3 9
3821 3 9
3822 3 9
3823 3 9
3824 3 9
3825 3 9
3826 3 9
3827 3 9
3828 3 9
3829 3 9
3830 3 9
3831 3 9
3832 3 9
3833 3 9
3834 3 9
3835 3 9
3836 3 9
3837 3 9
3838 3 9
3839 3 9
3840 3 9
3841 3 9
3842 3 9
3843 3 9
3844 3 9
3845 3 9
3846 3 9
3847 3 9
3848 3 9
3849 3 9
3850 3 9
3851 3 9
3852 3 9
3853 3 9
3854 3 9
3855 3 9
3856 3 9
3857 3 9
3858 3 9
3859 3 9
3860 3 9
3861 3 9
3862 3 9
3863 3 9
3864 3 9
3865 3 9
3866 3 9
3867 3 9
3868 3 9
3869 3 9
3870 3 9
3871 3 9
3872 3 9
3873 3 9
3874 3 9
3875 3 9
3876 3 9
3877 3 9
3878 3 9
3879 3 9
3880 3 9
3881 3 9
3882 3 9
3883 3 9
3884 3 9
3885 3 9
3886 3 9
3887 3 9
3888 3 9
3889 3 9
3890 3 9
3891 3 9
3892 3 9
3893 3 9
3894 3 9
3895 3 9
3896 3 9
3897 3 9
3898 3 9
3899 3 9
3900 3 9
3901 3 9
3902 3 9
3903 3 9
3904 3 9
3905 3 9
3906 3 9
3907 3 9
3908 3 9
3909 3 9
3910 3 9
3911 3 9
3912 3 9
3913 3 9
3914 3 9
3915 3 9
3916 3 9
3917 3 9
3918 3 9
3919 3 9
3920 3 9
3921 3 9
3922 3 9
3923 3 9
3924 3 9
3925 3 9
3926 3 9
3927 3 9
3928 3 9
3929 3 9
3930 3 9
3931 3 9
3932 3 9
3933 3 9
3934 3 9
3935 3 9
3936 3 9
3937 3 9
3938 3 9
3939 3 9
3940 3 9
3941 3 9
3942 3 9
3943 3 9
3944 3 9
3945 3 9
3946 3 9
3947 3 9
3948 3 9
3949 3 9
3950 3 9
3951 3 9
3952 3 9
3953 3 9
3954 3 9
3955 3 9
3956 3 9
3957 3 9
3958 3 9
3959 3 9
3960 3 9
3961 3 9
3962 3 9
3963 3 9
3964 3 9
3965 3 9
3966 3 9
3967 3 9
3968 3 9
3969 3 9
3970 3 9
3971 3 9
3972 3 9
3973 3 9
3974 3 9
3975 3 9
3976 3 9
3977 3 9
3978 3 9
3979 3 9
3980 3 9
3981 3 9
3982 3 9
3983 3 9
3984 3 9
3985 3 9
3986 3 9
3987 3 9
3988 3 9
3989 3 9
3990 3 9
3991 3 9
3992 3 9
3993 3 9
3994 3 9
3995 3 9
3996 3 9
3997 3 9
3998 3 9
3999 3 9
4000 3 9
4001 3 9
4002 3 9
4003 3 9
4004 3 9
4005 3 9
4006 3 9
4007 3 9
4008 3 9
4009 3 9
4010 3 9
4011 3 9
4012 3 9
4013 3 9
4014 3 9
4015 3 9
4016 3 9
4017 3 9
4018 3 9
4019 3 9
4020 3 9
4021 3 9
4022 3 9
4023 3 9
4024 3 9
4025 3 9
4026 3 9
4027 3 9
4028 3 9
4029 3 9
4030 3 9
4031 3 9
4032 3 9
4033 3 9
4034 3 9
4035 3 9
4036 3 9
4037 3 9
4038 3 9
4039 3 9
4040 3 9
4041 3 9
4042 3 9
4043 3 9
4044 3 9
4045 3 9
4046 3 9
4047 3 9
4048 3 9
4049 3 9
4050 3 9
4051 3 9
4052 3 9
4053 3 9
4054 3 9
4055 3 9
4056 3 9
4057 3 9
4058 3 9
4059 3 9
4060 3 9
4061 3 9
4062 3 9
4063 3 9
4064 3 9
4065 3 9
4066 3 9
4067 3 9
4068 3 9
4069 3 9
4070 3 9
4071 3 9
4072 3 9
4073 3 9
4074 3 9
4075 3 9
4076 3 9
4077 3 9
4078 3 9
4079 3 9
4080 3 9
4081 3 9
4082 3 9
4083 3 9
4084 3 9
4085 3 9
4086 3 9
4087 3 9
4088 3 9
4089 3 9
4090 3 9
4091 3 9
4092 3 9
4093 3 9
4094 3 9
4095 3 9
4096 3 9
4097 3 9
4098 3 9
4099 3 9
4100 3 9
4101 3 9
4102 3 9
4103 3 9
4104 3 9
4105 3 9
4106 3 9
4107 3 9
4108 3 9
4109 3 9
4110 3 9
4111 3 9
4112 3 9
4113 3 9
4114 3 9
4115 3 9
4116 3 9
4117 3 9
4118 3 9
4119 3 9
4120 3 9
4121 3 9
4122 3 9
4123 3 9
4124 3 9
4125 3 9
4126 3 9
4127 3 9
4128 3 9
4129 3 9
4130 3 9
4131 3 9
4132 3 9
4133 3 9
4134 3 9
4135 3 9
4136 3 9
4137 3 9
4138 3 9
4139 3 9
4140 3 9
4141 3 9
4142 3 9
4143 3 9
4144 3 9
4145 3 9
4146 3 9
4147 3 9
4148 3 9
4149 3 9
4150 3 9
4151 3 9
4152 3 9
4153 3 9
4154 3 9
4155 3 9
4156 3 9
4157 3 9
4158 3 9
4159 3 9
4160 3 9
4161 3 9
4162 3 9
4163 3 9
4164 3 9
4165 3 9
4166 3 9
4167 3 9
4168 3 9
4169 3 9
4170 3 9
4171 3 9
4172 3 9
4173 3 9
4174 3 9
4175 3 9
4176 3 9
4177 3 9
4178 3 9
4179 3 9
4180 3 9
4181 3 9
4182 3 9
4183 3 9
4184 3 9
4185 3 9
4186 3 9
4187 3 9
4188 3 9
4189 3 9
4190 3 9
4191 3 9
4192 3 9
4193 3 9
4194 3 9
4195 3 9
4196 3 9
4197 3 9
4198 3 9
4199 3 9
4200 3 9
4201 3 9
4202 3 9
4203 3 9
4204 3 9
4205 3 9
4206 3 9
4207 3 9
4208 3 9
4209 3 9
4210 3 9
4211 3 9
4212 3 9
4213 3 9
4214 3 9
4215 3 9
4216 3 9
4217 3 9
4218 3 9
4219 3 9
4220 3 9
4221 3 9
4222 3 9
4223 3 9
4224 3 9
4225 3 9
4226 3 9
4227 3 9
4228 3 9
4229 3 9
4230 3 9
4231 3 9
4232 3 9
4233 3 9
4234 3 9
4235 3 9
4236 3 9
4237 3 9
4238 3 9
4239 3 9
4240 3 9
4241 3 9
4242 3 9
4243 3 9
4244 3 9
4245 3 9
4246 3 9
4247 3 9
4248 3 9
4249 3 9
4250 3 9
4251 3 9
4252 3 9
4253 3 9
4254 3 9
4255 3 9
4256 3 9
4257 3 9
4258 3 9
4259 3 9
4260 3 9
4261 3 9
4262 3 9
4263 3 9
4264 3 9
4265 3 9
4266 3 9
4267 3 9
4268 3 9
4269 3 9
4270 3 9
4271 3 9
4272 3 9
4273 3 9
4274 3 9
4275 3 9
4276 3 9
4277 3 9
4278 3 9
4279 3 9
4280 3 9
4281 3 9
4282 3 9
4283 3 9
4284 3 9
4285 3 9
4286 3 9
4287 3 9
4288 3 9
4289 3 9
4290 3 9
4291 3 9
4292 3 9
4293 3 9
4294 3 9
4295 3 9
4296 3 9
4297 3 9
4298 3 9
4299 3 9
4300 3 9
4301 3 9
4302 3 9
4303 3 9
4304 3 9
4305 3 9
4306 3 9
4307 3 9
4308 3 9
4309 3 10
4310 3 10
4311 3 10
4312 3 10
4313 3 10
4314 3 9
4315 3 9
4316 3 9
4317 3 9
4318 3 9
4319 3 9
4320 3 10
4321 3 10
4322 3 10
4323 3 9
4324 3 9
4325 3 9
4326 3 9
4327 3 9
4328 3 9
4329 3 10
4330 3 10
4331 3 10
4332 3 9
4333 3 9
4334 3 9
4335 3 9
4336 3 9
4337 3 9
4338 3 9
4339 3 9
4340 3 9
4341 3 9
4342 3 9
4343 3 9
4344 3 9
4345 3 9
4346 3 9
4347 3 9
4348 3 9
4349 3 9
4350 3 9
4351 3 9
4352 3 9
4353 3 9
4354 3 9
4355 3 9
4356 3 9
4357 3 9
4358 3 9
4359 3 9
4360 3 9
4361 3 9
4362 3 9
4363 3 9
4364 3 9
4365 3 9
4366 3 9
4367 3 9
4368 3 10
4369 3 10
4370 3 10
4371 3 10
4372 3 10
4373 3 10
4374 3 10
4375 3 10
4376 3 10
4377 3 10
4378 3 10
4379 3 10
4380 3 10
4381 3 10
4382 3 10
4383 3 10
4384 3 9
4385 3 9
4386 3 9
4387 3 9
4388 3 9
4389 3 9
4390 3 9
4391 3 9
4392 3 9
4393 3 9
4394 3 9
4395 3 9
4396 3 9
4397 3 9
4398 3 9
4399 3 9
4401 5 9
4402 5 9
4403 5 9
4404 5 9
4405 5 9
4406 5 9
4407 5 9
4408 5 9
4409 5 9
4410 5 9
4411 5 9
4412 5 9
4413 5 9
4414 5 9
4415 5 9
4416 5 9
4417 5 9
4418 5 9
4419 5 9
4420 5 9
4421 5 9
4422 5 9
4423 5 9
4424 5 9
4425 5 9
4426 5 9
4427 5 9
4428 5 9
4429 5 9
4430 5 9
4431 5 9
4432 5 9
4433 5 9
4434 5 9
4435 5 9
4436 5 9
4437 5 9
4438 5 9
4439 5 9
4440 5 9
4441 5 9
4442 5 9
4443 5 9
4444 5 9
4445 5 9
4446 5 9
4447 5 9
4448 5 9
4449 5 9
4450 5 9
4451 5 9
4452 5 9
4453 5 9
4454 5 9
4455 5 9
4456 5 9
4457 5 9
4458 5 9
4459 5 9
4460 5 9
4461 5 9
4462 5 9
4463 5 9
4464 5 9
4465 5 9
4466 5 9
4467 5 9
4468 5 9
4469 5 9
4470 5 9
4471 5 9
4472 5 9
4473 5 9
4474 5 9
4475 5 9
4476 5 9
4477 5 9
4478 5 9
4479 5 9
4480 5 9
4481 5 9
4482 5 9
4483 5 9
4484 5 9
4485 5 9
4486 5 9
4487 5 9
4488 5 9
4489 5 9
4490 5 9
4491 5 9
4492 5 9
4493 5 9
4494 5 9
4495 5 9
4496 5 9
4497 5 9
4498 5 9
4499 5 9
4500 5 9
4501 5 9
4502 5 9
4503 5 9
4504 5 9
4505 5 9
4506 5 9
4507 5 9
4508 5 9
4509 5 9
4510 5 9
4511 5 9
4512 5 9
4513 5 9
4514 5 9
4515 5 9
4516 5 9
4517 5 9
4518 5 9
4519 5 9
4520 5 9
4521 5 9
4522 5 9
4523 5 9
4524 5 9
4525 5 9
4526 5 9
4527 5 9
4528 5 9
4529 5 9
4530 5 9
4531 5 9
4532 5 9
4533 5 9
4534 5 9
4535 5 9
4536 5 9
4537 5 9
4538 5 9
4539 5 9